,0,1,2,3,4,5,6,7,8,9,10,11,12,13,14,15,16,17,18,19,20,21
0,1.35948682e+00, 5.23132608e+01, 4.57761805e+01, 8.03463912e+01,1.15450653e+02, 1.17670323e+02, 1.09418587e+02, 8.91881232e+01, 1.06274079e+02, 8.29468257e+01, 8.03143725e+01, 8.37036669e+01, 6.65138991e+01, 6.61311243e+01, 4.72373006e+01, 3.69272573e+01,5.06366677e+01, 2.30985875e+01, 3.02352216e+01, 3.14806573e+01, 4.62802227e+01, 5.39219241e+01,
1,5.23132608e+01, 2.84495831e-01, 3.42500317e+01, 6.79952912e+01,9.87821672e+01, 1.43398717e+02, 1.23767756e+02, 1.43703718e+02,1.39088189e+02, 1.36676165e+02, 1.34817679e+02, 9.80456762e+01,7.82281435e+01, 7.69309976e+01, 5.83353562e+01, 4.16226635e+01,2.64550767e+01, 9.01974924e+01, 7.23773980e+01, 5.61884637e+01,1.28568434e+02, 1.09752906e+02,
 2,4.57761805e+01, 3.42500317e+01, 3.80081646e+01, 4.43960612e+01,7.88977492e+01, 9.14190109e+01, 1.09618581e+02, 1.21280453e+02,1.32484319e+02, 1.21981376e+02, 1.12700544e+02, 1.08090035e+02,8.41857865e+01, 8.41403289e+01, 7.20940976e+01, 4.88139939e+01,3.83093896e+01, 1.06519729e+02, 6.08297246e+01, 5.62464645e+01,7.25746772e+01, 8.62796459e+01,
 3,8.03463912e+01, 6.79952912e+01, 4.43960612e+01, 1.63519382e-01,4.21301267e+01, 5.86680646e+01, 6.64725339e+01, 8.78564208e+01,1.02379357e+02, 1.14607287e+02, 1.30769439e+02, 1.46270476e+02,1.21511555e+02, 1.19575547e+02, 1.03953263e+02, 8.31637592e+01,7.11399441e+01, 8.80697279e+01, 9.93956425e+01, 9.03648252e+01,1.14069816e+02, 1.07890979e+02,
 4,1.15450653e+02, 9.87821672e+01, 7.88977492e+01, 4.21301267e+01,4.00153472e+01, 3.63260396e+01, 4.38628650e+01, 6.23681855e+01,8.19354711e+01, 8.07767122e+01, 1.08400478e+02, 1.31217597e+02,2.23966442e+02, 1.54673766e+02, 1.38999123e+02, 1.19558767e+02,1.05278414e+02, 1.18537662e+02, 1.25811361e+02, 1.19653008e+02,1.02463472e+02, 1.28535483e+02,
 5,1.17670323e+02, 1.43398717e+02, 9.14190109e+01, 5.86680646e+01,3.63260396e+01, 3.13656569e-01, 3.54906638e+01, 4.56304176e+01,8.10374506e+01, 8.64377930e+01, 1.11918392e+02, 1.29898979e+02,1.49113940e+02, 1.54489525e+02, 1.56430906e+02, 1.30023296e+02,1.21350680e+02, 1.18447102e+02, 1.09826811e+02, 1.27841711e+02,9.84389963e+01, 1.20054244e+02,
 6,1.09418587e+02, 1.23767756e+02, 1.09618581e+02, 6.64725339e+01,4.38628650e+01, 3.54906638e+01, 3.88953083e+01, 3.58739722e+01,5.12456868e+01, 6.45823808e+01, 9.18673251e+01, 1.13917233e+02,1.44413608e+02, 1.34849890e+02, 1.27631103e+02, 1.22302412e+02,1.39455438e+02, 1.04583050e+02, 8.96165504e+01, 9.82874327e+01,7.52301800e+01, 7.08043575e+01,
 7,8.91881232e+01, 1.43703718e+02, 1.21280453e+02, 8.78564208e+01,6.23681855e+01, 4.56304176e+01, 3.58739722e+01, 3.54316950e-01,2.93156581e+01, 4.46873951e+01, 7.38390572e+01, 1.29001495e+02,1.55095082e+02, 1.21092479e+02, 1.22660596e+02, 2.88458797e+02,1.21702746e+02, 8.96414433e+01, 7.58114231e+01, 8.51504033e+01,6.44160357e+01, 4.65542536e+01,
 8,1.06274079e+02, 1.39088189e+02, 1.32484319e+02, 1.02379357e+02,8.19354711e+01, 8.10374506e+01, 5.12456868e+01, 2.93156581e+01,2.78300021e+01, 3.68160617e+01, 6.40156038e+01, 9.49553559e+01,1.12658265e+02, 1.40155963e+02, 1.16371215e+02, 1.22281042e+02,1.24934309e+02, 1.04424958e+02, 8.83595593e+01, 1.13579880e+02,7.45255635e+01, 6.57140861e+01,
 9,8.29468257e+01, 1.36676165e+02, 1.21981376e+02, 1.14607287e+02,8.07767122e+01, 8.64377930e+01, 6.45823808e+01, 4.46873951e+01,3.68160617e+01, 5.79076052e-01, 5.51341593e+01, 7.56248181e+01,8.82102797e+01, 1.11278965e+02, 9.53593194e+01, 1.05056520e+02,1.13075778e+02, 8.48712084e+01, 7.32040708e+01, 7.55812838e+01,6.63448019e+01, 5.10016813e+01,
 10,8.03143725e+01, 1.34817679e+02, 1.12700544e+02, 1.30769439e+02,1.08400478e+02, 1.11918392e+02, 9.18673251e+01, 7.38390572e+01,6.40156038e+01, 5.51341593e+01, 3.75506082e+01, 3.83042397e+01,5.82864285e+01, 6.28217235e+01, 7.33620324e+01, 9.22605031e+01,1.00086427e+02, 7.49026136e+01, 7.02994788e+01, 6.54336319e+01,6.12478883e+01, 5.27365544e+01,
 11,8.37036669e+01, 9.80456762e+01, 1.08090035e+02, 1.46270476e+02,1.31217597e+02, 1.29898979e+02, 1.13917233e+02, 1.29001495e+02,9.49553559e+01, 7.56248181e+01, 3.83042397e+01, 5.59388399e-01,3.09390898e+01, 4.11281915e+01, 4.99129157e+01, 1.46188590e+02,8.43317323e+01, 6.60441949e+01, 8.82510052e+01, 7.86847327e+01,8.30568480e+01, 7.82802932e+01,
 12,6.65138991e+01, 7.82281435e+01, 8.41857865e+01, 1.21511555e+02,2.23966442e+02, 1.49113940e+02, 1.44413608e+02, 1.55095082e+02,1.12658265e+02, 8.82102797e+01, 5.82864285e+01, 3.09390898e+01,3.32828619e+01, 2.01379976e+01, 2.91325474e+01, 5.67045810e+01,6.48372176e+01, 6.66977336e+01, 7.09363296e+01, 1.32647208e+02,9.70164244e+01, 9.44056187e+01,
 13,6.61311243e+01, 7.69309976e+01, 8.41403289e+01, 1.19575547e+02,1.54673766e+02, 1.54489525e+02, 1.34849890e+02, 1.21092479e+02,1.40155963e+02, 1.11278965e+02, 6.28217235e+01, 4.11281915e+01,2.01379976e+01, 1.46578550e-01, 2.60618925e+01, 4.49868021e+01,6.31397805e+01, 4.98674123e+01, 6.92459555e+01, 6.93332186e+01,9.12723949e+01, 1.18335246e+02,
 14,4.72373006e+01, 5.83353562e+01, 7.20940976e+01, 1.03953263e+02,1.38999123e+02, 1.56430906e+02, 1.27631103e+02, 1.22660596e+02,1.16371215e+02, 9.53593194e+01, 7.33620324e+01, 4.99129157e+01,2.91325474e+01, 2.60618925e+01, 2.52448792e+01, 3.62384362e+01,4.88983331e+01, 3.87755294e+01, 4.96890917e+01, 5.44836750e+01,7.72118349e+01, 8.07368085e+01,
 15,3.69272573e+01, 4.16226635e+01, 4.88139939e+01, 8.31637592e+01,1.19558767e+02, 1.30023296e+02, 1.22302412e+02, 2.88458797e+02,1.22281042e+02, 1.05056520e+02, 9.22605031e+01, 1.46188590e+02,5.67045810e+01, 4.49868021e+01, 3.62384362e+01, 2.93978214e-01,2.63504839e+01, 3.12822132e+01, 5.26321750e+01, 5.11670258e+01,7.06344955e+01, 6.66241841e+01,
 16,5.06366677e+01, 2.64550767e+01, 3.83093896e+01, 7.11399441e+01,1.05278414e+02, 1.21350680e+02, 1.39455438e+02, 1.21702746e+02,1.24934309e+02, 1.13075778e+02, 1.00086427e+02, 8.43317323e+01,6.48372176e+01, 6.31397805e+01, 4.88983331e+01, 2.63504839e+01,2.55143366e+01, 4.27641921e+01, 5.50295770e+01, 5.19079940e+01,6.69736009e+01, 8.43069792e+01,
 17,2.30985875e+01, 9.01974924e+01, 1.06519729e+02, 8.80697279e+01,1.18537662e+02, 1.18447102e+02, 1.04583050e+02, 8.96414433e+01,1.04424958e+02, 8.48712084e+01, 7.49026136e+01, 6.60441949e+01,6.66977336e+01, 4.98674123e+01, 3.87755294e+01, 3.12822132e+01,4.27641921e+01, 1.61633968e-01, 2.35811689e+01, 3.28095109e+01,4.86417670e+01, 5.53848591e+01,
 18,3.02352216e+01, 7.23773980e+01, 6.08297246e+01, 9.93956425e+01,1.25811361e+02, 1.09826811e+02, 8.96165504e+01, 7.58114231e+01,8.83595593e+01, 7.32040708e+01, 7.02994788e+01, 8.82510052e+01,7.09363296e+01, 6.92459555e+01, 4.96890917e+01, 5.26321750e+01,5.50295770e+01, 2.35811689e+01, 2.31949971e+01, 1.75500801e+01,3.49920883e+01, 5.44018354e+01,
 19,3.14806573e+01, 5.61884637e+01, 5.62464645e+01, 9.03648252e+01,1.19653008e+02, 1.27841711e+02, 9.82874327e+01, 8.51504033e+01,1.13579880e+02, 7.55812838e+01, 6.54336319e+01, 7.86847327e+01,1.32647208e+02, 6.93332186e+01, 5.44836750e+01, 5.11670258e+01,5.19079940e+01, 3.28095109e+01, 1.75500801e+01, 4.45308447e-01,3.15047615e+01, 3.53974717e+01,
 20,4.62802227e+01, 1.28568434e+02, 7.25746772e+01, 1.14069816e+02,1.02463472e+02, 9.84389963e+01, 7.52301800e+01, 6.44160357e+01,7.45255635e+01, 6.63448019e+01, 6.12478883e+01, 8.30568480e+01,9.70164244e+01, 9.12723949e+01, 7.72118349e+01, 7.06344955e+01,6.69736009e+01, 4.86417670e+01, 3.49920883e+01, 3.15047615e+01,2.87391274e+01, 1.93108797e+01,
 21,5.39219241e+01, 1.09752906e+02, 8.62796459e+01, 1.07890979e+02,1.28535483e+02, 1.20054244e+02, 7.08043575e+01, 4.65542536e+01,6.57140861e+01, 5.10016813e+01, 5.27365544e+01, 7.82802932e+01,9.44056187e+01, 1.18335246e+02, 8.07368085e+01, 6.66241841e+01,8.43069792e+01, 5.53848591e+01, 5.44018354e+01, 3.53974717e+01,1.93108797e+01, 1.70859337e-01
